Temperature (K)	Pressure (MPa)	Density (kg/m3)	Volume (m3/kg)	Internal Energy (kJ/kg)	Enthalpy (kJ/kg)	Entropy (J/g*K)	Cv (J/g*K)	Cp (J/g*K)	Sound Spd. (m/s)	Joule-Thomson (K/MPa)	Viscosity (Pa*s)	Therm. Cond. (W/m*K)	Phase
10.000	0.10000	4.9487	0.20207	35.248	55.456	10.252	3.1148	5.4257	185.05	3.1366	2.2582e-06	0.016889	0
11.000	0.10000	4.4668	0.22387	38.472	60.859	10.767	3.1166	5.3837	194.67	2.7528	2.4102e-06	0.017984	0
12.000	0.10000	4.0735	0.24549	41.678	66.227	11.234	3.1180	5.3526	203.74	2.4334	2.5568e-06	0.019025	0
13.000	0.10000	3.7457	0.26697	44.870	71.567	11.661	3.1190	5.3287	212.37	2.1628	2.6983e-06	0.020023	0
14.000	0.10000	3.4681	0.28834	48.051	76.886	12.055	3.1197	5.3099	220.61	1.9304	2.8352e-06	0.020983	0
15.000	0.10000	3.2296	0.30963	51.225	82.188	12.421	3.1202	5.2948	228.52	1.7284	2.9681e-06	0.021911	0
16.000	0.10000	3.0225	0.33085	54.391	87.476	12.763	3.1205	5.2824	236.14	1.5512	3.0972e-06	0.022811	0
17.000	0.10000	2.8408	0.35202	57.552	92.753	13.083	3.1207	5.2722	243.49	1.3946	3.2228e-06	0.023688	0
18.000	0.10000	2.6800	0.37313	60.708	98.021	13.384	3.1208	5.2636	250.62	1.2551	3.3453e-06	0.024543	0
19.000	0.10000	2.5367	0.39421	63.860	103.28	13.668	3.1208	5.2563	257.53	1.1302	3.4648e-06	0.025379	0
20.000	0.10000	2.4082	0.41526	67.008	108.53	13.937	3.1208	5.2500	264.25	1.0177	3.5816e-06	0.026198	0
21.000	0.10000	2.2921	0.43627	70.154	113.78	14.193	3.1207	5.2446	270.80	0.91590	3.6958e-06	0.027002	0
22.000	0.10000	2.1869	0.45726	73.297	119.02	14.437	3.1207	5.2399	277.18	0.82343	3.8077e-06	0.027792	0
23.000	0.10000	2.0910	0.47824	76.438	124.26	14.670	3.1206	5.2358	283.41	0.73909	3.9174e-06	0.028568	0
24.000	0.10000	2.0033	0.49919	79.576	129.50	14.893	3.1205	5.2322	289.51	0.66190	4.0250e-06	0.029333	0
25.000	0.10000	1.9226	0.52012	82.713	134.73	15.106	3.1203	5.2290	295.47	0.59103	4.1307e-06	0.030087	0
26.000	0.10000	1.8483	0.54105	85.849	139.95	15.311	3.1202	5.2262	301.31	0.52577	4.2345e-06	0.030831	0
27.000	0.10000	1.7795	0.56195	88.983	145.18	15.509	3.1201	5.2236	307.03	0.46550	4.3367e-06	0.031565	0
28.000	0.10000	1.7157	0.58285	92.115	150.40	15.699	3.1200	5.2214	312.65	0.40972	4.4371e-06	0.032290	0
29.000	0.10000	1.6563	0.60374	95.247	155.62	15.882	3.1199	5.2193	318.17	0.35796	4.5361e-06	0.033007	0
30.000	0.10000	1.6010	0.62462	98.378	160.84	16.059	3.1198	5.2175	323.58	0.30983	4.6336e-06	0.033716	0
31.000	0.10000	1.5492	0.64549	101.51	166.06	16.230	3.1196	5.2158	328.91	0.26498	4.7297e-06	0.034417	0
32.000	0.10000	1.5007	0.66635	104.64	171.27	16.395	3.1195	5.2143	334.15	0.22311	4.8244e-06	0.035112	0
33.000	0.10000	1.4552	0.68721	107.76	176.48	16.556	3.1194	5.2130	339.31	0.18396	4.9179e-06	0.035799	0
34.000	0.10000	1.4123	0.70806	110.89	181.70	16.711	3.1193	5.2117	344.39	0.14728	5.0103e-06	0.036480	0
35.000	0.10000	1.3719	0.72891	114.02	186.91	16.862	3.1192	5.2106	349.39	0.11287	5.1015e-06	0.037155	0
36.000	0.10000	1.3338	0.74975	117.14	192.12	17.009	3.1191	5.2095	354.33	0.080530	5.1915e-06	0.037824	0
37.000	0.10000	1.2977	0.77058	120.27	197.33	17.152	3.1190	5.2085	359.19	0.050100	5.2806e-06	0.038487	0
38.000	0.10000	1.2636	0.79141	123.39	202.54	17.291	3.1189	5.2077	363.99	0.021426	5.3686e-06	0.039144	0
39.000	0.10000	1.2312	0.81224	126.52	207.74	17.426	3.1188	5.2068	368.72	-0.0056276	5.4557e-06	0.039797	0
40.000	0.10000	1.2004	0.83307	129.64	212.95	17.558	3.1188	5.2061	373.40	-0.031183	5.5419e-06	0.040444	0
41.000	0.10000	1.1711	0.85389	132.77	218.15	17.686	3.1187	5.2054	378.01	-0.055350	5.6272e-06	0.041087	0
42.000	0.10000	1.1432	0.87470	135.89	223.36	17.812	3.1186	5.2047	382.57	-0.078230	5.7116e-06	0.041725	0
43.000	0.10000	1.1167	0.89552	139.01	228.56	17.934	3.1185	5.2041	387.08	-0.099915	5.7953e-06	0.042358	0
44.000	0.10000	1.0913	0.91633	142.13	233.77	18.054	3.1185	5.2035	391.53	-0.12049	5.8781e-06	0.042988	0
45.000	0.10000	1.0671	0.93714	145.26	238.97	18.171	3.1184	5.2030	395.93	-0.14002	5.9602e-06	0.043612	0
46.000	0.10000	1.0439	0.95795	148.38	244.17	18.285	3.1183	5.2025	400.28	-0.15859	6.0416e-06	0.044233	0
47.000	0.10000	1.0217	0.97876	151.50	249.38	18.397	3.1183	5.2021	404.59	-0.17625	6.1222e-06	0.044850	0
48.000	0.10000	1.0004	0.99956	154.62	254.58	18.507	3.1182	5.2016	408.85	-0.19307	6.2022e-06	0.045463	0
49.000	0.10000	0.98004	1.0204	157.74	259.78	18.614	3.1181	5.2012	413.07	-0.20909	6.2815e-06	0.046072	0
50.000	0.10000	0.96046	1.0412	160.86	264.98	18.719	3.1181	5.2009	417.24	-0.22437	6.3602e-06	0.046678	0
51.000	0.10000	0.94165	1.0620	163.99	270.18	18.822	3.1180	5.2005	421.37	-0.23895	6.4383e-06	0.047280	0
52.000	0.10000	0.92357	1.0828	167.11	275.38	18.923	3.1180	5.2002	425.46	-0.25287	6.5158e-06	0.047878	0
53.000	0.10000	0.90616	1.1036	170.23	280.58	19.022	3.1179	5.1998	429.51	-0.26617	6.5927e-06	0.048473	0
54.000	0.10000	0.88940	1.1244	173.35	285.78	19.119	3.1179	5.1996	433.53	-0.27890	6.6691e-06	0.049065	0
55.000	0.10000	0.87325	1.1451	176.47	290.98	19.215	3.1178	5.1993	437.50	-0.29107	6.7449e-06	0.049654	0
56.000	0.10000	0.85768	1.1659	179.59	296.18	19.308	3.1178	5.1990	441.45	-0.30272	6.8202e-06	0.050240	0
57.000	0.10000	0.84265	1.1867	182.71	301.38	19.400	3.1177	5.1988	445.35	-0.31389	6.8950e-06	0.050822	0
58.000	0.10000	0.82814	1.2075	185.83	306.58	19.491	3.1177	5.1985	449.22	-0.32459	6.9693e-06	0.051402	0
59.000	0.10000	0.81413	1.2283	188.94	311.78	19.580	3.1177	5.1983	453.06	-0.33485	7.0431e-06	0.051979	0
60.000	0.10000	0.80058	1.2491	192.06	316.97	19.667	3.1176	5.1981	456.87	-0.34470	7.1165e-06	0.052552	0
61.000	0.10000	0.78747	1.2699	195.18	322.17	19.753	3.1176	5.1979	460.64	-0.35416	7.1894e-06	0.053124	0
62.000	0.10000	0.77479	1.2907	198.30	327.37	19.837	3.1175	5.1977	464.38	-0.36324	7.2619e-06	0.053692	0
63.000	0.10000	0.76251	1.3115	201.42	332.57	19.921	3.1175	5.1975	468.10	-0.37196	7.3339e-06	0.054258	0
64.000	0.10000	0.75061	1.3322	204.54	337.76	20.002	3.1175	5.1973	471.78	-0.38035	7.4056e-06	0.054821	0
65.000	0.10000	0.73908	1.3530	207.66	342.96	20.083	3.1174	5.1972	475.44	-0.38842	7.4768e-06	0.055382	0
66.000	0.10000	0.72790	1.3738	210.78	348.16	20.162	3.1174	5.1970	479.07	-0.39618	7.5476e-06	0.055940	0
67.000	0.10000	0.71705	1.3946	213.90	353.36	20.240	3.1174	5.1969	482.67	-0.40366	7.6181e-06	0.056496	0
68.000	0.10000	0.70652	1.4154	217.01	358.55	20.317	3.1174	5.1967	486.24	-0.41085	7.6882e-06	0.057049	0
69.000	0.10000	0.69630	1.4362	220.13	363.75	20.393	3.1173	5.1966	489.79	-0.41779	7.7579e-06	0.057600	0
70.000	0.10000	0.68637	1.4569	223.25	368.95	20.468	3.1173	5.1965	493.31	-0.42447	7.8273e-06	0.058149	0
71.000	0.10000	0.67671	1.4777	226.37	374.14	20.542	3.1173	5.1964	496.81	-0.43091	7.8963e-06	0.058695	0
72.000	0.10000	0.66733	1.4985	229.49	379.34	20.614	3.1172	5.1962	500.28	-0.43712	7.9650e-06	0.059239	0
73.000	0.10000	0.65820	1.5193	232.61	384.54	20.686	3.1172	5.1961	503.73	-0.44311	8.0333e-06	0.059782	0
74.000	0.10000	0.64932	1.5401	235.72	389.73	20.757	3.1172	5.1960	507.15	-0.44890	8.1014e-06	0.060321	0
75.000	0.10000	0.64067	1.5609	238.84	394.93	20.827	3.1172	5.1959	510.55	-0.45448	8.1691e-06	0.060859	0
76.000	0.10000	0.63226	1.5816	241.96	400.12	20.895	3.1171	5.1958	513.93	-0.45987	8.2365e-06	0.061395	0
77.000	0.10000	0.62406	1.6024	245.08	405.32	20.963	3.1171	5.1957	517.29	-0.46508	8.3036e-06	0.061929	0
78.000	0.10000	0.61607	1.6232	248.20	410.51	21.030	3.1171	5.1956	520.62	-0.47011	8.3704e-06	0.062461	0
79.000	0.10000	0.60828	1.6440	251.31	415.71	21.097	3.1171	5.1956	523.94	-0.47498	8.4370e-06	0.062990	0
80.000	0.10000	0.60069	1.6647	254.43	420.91	21.162	3.1171	5.1955	527.23	-0.47968	8.5032e-06	0.063518	0
81.000	0.10000	0.59329	1.6855	257.55	426.10	21.226	3.1170	5.1954	530.51	-0.48423	8.5692e-06	0.064044	0
82.000	0.10000	0.58606	1.7063	260.67	431.30	21.290	3.1170	5.1953	533.76	-0.48862	8.6349e-06	0.064568	0
83.000	0.10000	0.57901	1.7271	263.78	436.49	21.353	3.1170	5.1952	536.99	-0.49288	8.7004e-06	0.065090	0
84.000	0.10000	0.57213	1.7479	266.90	441.69	21.415	3.1170	5.1952	540.20	-0.49700	8.7656e-06	0.065611	0
85.000	0.10000	0.56541	1.7686	270.02	446.88	21.477	3.1170	5.1951	543.40	-0.50098	8.8305e-06	0.066130	0
86.000	0.10000	0.55884	1.7894	273.14	452.08	21.538	3.1169	5.1950	546.58	-0.50484	8.8952e-06	0.066647	0
87.000	0.10000	0.55243	1.8102	276.25	457.27	21.598	3.1169	5.1950	549.73	-0.50858	8.9597e-06	0.067162	0
88.000	0.10000	0.54616	1.8310	279.37	462.47	21.657	3.1169	5.1949	552.87	-0.51220	9.0239e-06	0.067675	0
89.000	0.10000	0.54003	1.8517	282.49	467.66	21.716	3.1169	5.1949	555.99	-0.51570	9.0879e-06	0.068187	0
90.000	0.10000	0.53404	1.8725	285.60	472.86	21.774	3.1169	5.1948	559.10	-0.51910	9.1517e-06	0.068697	0
91.000	0.10000	0.52818	1.8933	288.72	478.05	21.831	3.1169	5.1948	562.19	-0.52240	9.2152e-06	0.069206	0
92.000	0.10000	0.52245	1.9141	291.84	483.25	21.888	3.1168	5.1947	565.26	-0.52559	9.2785e-06	0.069713	0
93.000	0.10000	0.51684	1.9348	294.96	488.44	21.944	3.1168	5.1946	568.31	-0.52868	9.3417e-06	0.070218	0
94.000	0.10000	0.51135	1.9556	298.07	493.64	22.000	3.1168	5.1946	571.35	-0.53168	9.4046e-06	0.070722	0
95.000	0.10000	0.50597	1.9764	301.19	498.83	22.055	3.1168	5.1946	574.37	-0.53459	9.4673e-06	0.071224	0
96.000	0.10000	0.50071	1.9972	304.31	504.02	22.109	3.1168	5.1945	577.37	-0.53742	9.5298e-06	0.071725	0
97.000	0.10000	0.49555	2.0179	307.42	509.22	22.163	3.1168	5.1945	580.36	-0.54016	9.5921e-06	0.072224	0
98.000	0.10000	0.49050	2.0387	310.54	514.41	22.216	3.1168	5.1944	583.34	-0.54281	9.6542e-06	0.072722	0
99.000	0.10000	0.48556	2.0595	313.66	519.61	22.269	3.1167	5.1944	586.30	-0.54539	9.7161e-06	0.073218	0
100.00	0.10000	0.48071	2.0803	316.78	524.80	22.321	3.1167	5.1943	589.24	-0.54790	9.7778e-06	0.073713	0
101.00	0.10000	0.47595	2.1010	319.89	530.00	22.373	3.1167	5.1943	592.17	-0.55033	9.8198e-06	0.074206	0
102.00	0.10000	0.47129	2.1218	323.01	535.19	22.424	3.1167	5.1943	595.09	-0.55269	9.8617e-06	0.074698	0
103.00	0.10000	0.46672	2.1426	326.13	540.39	22.475	3.1167	5.1942	597.99	-0.55498	9.9036e-06	0.075189	0
104.00	0.10000	0.46224	2.1634	329.24	545.58	22.525	3.1167	5.1942	600.88	-0.55720	9.9455e-06	0.075678	0
105.00	0.10000	0.45785	2.1841	332.36	550.77	22.575	3.1167	5.1942	603.75	-0.55936	9.9874e-06	0.076166	0
106.00	0.10000	0.45353	2.2049	335.48	555.97	22.624	3.1167	5.1941	606.61	-0.56146	1.0029e-05	0.076652	0
107.00	0.10000	0.44930	2.2257	338.59	561.16	22.673	3.1166	5.1941	609.45	-0.56350	1.0071e-05	0.077138	0
108.00	0.10000	0.44515	2.2465	341.71	566.36	22.721	3.1166	5.1941	612.29	-0.56548	1.0113e-05	0.077622	0
109.00	0.10000	0.44107	2.2672	344.83	571.55	22.769	3.1166	5.1941	615.11	-0.56740	1.0154e-05	0.078104	0
110.00	0.10000	0.43706	2.2880	347.94	576.74	22.816	3.1166	5.1940	617.91	-0.56927	1.0196e-05	0.078586	0
111.00	0.10000	0.43313	2.3088	351.06	581.94	22.863	3.1166	5.1940	620.71	-0.57109	1.0257e-05	0.079066	0
112.00	0.10000	0.42927	2.3296	354.18	587.13	22.910	3.1166	5.1940	623.49	-0.57286	1.0317e-05	0.079545	0
113.00	0.10000	0.42547	2.3503	357.29	592.33	22.956	3.1166	5.1939	626.26	-0.57457	1.0377e-05	0.080022	0
114.00	0.10000	0.42175	2.3711	360.41	597.52	23.002	3.1166	5.1939	629.02	-0.57624	1.0437e-05	0.080499	0
115.00	0.10000	0.41808	2.3919	363.53	602.71	23.047	3.1166	5.1939	631.76	-0.57786	1.0497e-05	0.080974	0
116.00	0.10000	0.41448	2.4126	366.64	607.91	23.092	3.1166	5.1939	634.50	-0.57944	1.0557e-05	0.081448	0
117.00	0.10000	0.41095	2.4334	369.76	613.10	23.137	3.1166	5.1939	637.22	-0.58097	1.0616e-05	0.081921	0
118.00	0.10000	0.40747	2.4542	372.88	618.30	23.181	3.1165	5.1938	639.93	-0.58246	1.0675e-05	0.082392	0
119.00	0.10000	0.40405	2.4750	375.99	623.49	23.225	3.1165	5.1938	642.63	-0.58391	1.0735e-05	0.082863	0
120.00	0.10000	0.40068	2.4957	379.11	628.68	23.268	3.1165	5.1938	645.32	-0.58532	1.0794e-05	0.083332	0
121.00	0.10000	0.39738	2.5165	382.23	633.88	23.311	3.1165	5.1938	647.99	-0.58669	1.0852e-05	0.083801	0
122.00	0.10000	0.39412	2.5373	385.34	639.07	23.354	3.1165	5.1937	650.66	-0.58802	1.0911e-05	0.084268	0
123.00	0.10000	0.39092	2.5580	388.46	644.26	23.396	3.1165	5.1937	653.31	-0.58932	1.0970e-05	0.084734	0
124.00	0.10000	0.38777	2.5788	391.58	649.46	23.438	3.1165	5.1937	655.96	-0.59058	1.1028e-05	0.085199	0
125.00	0.10000	0.38468	2.5996	394.69	654.65	23.480	3.1165	5.1937	658.59	-0.59180	1.1086e-05	0.085663	0
126.00	0.10000	0.38163	2.6204	397.81	659.85	23.521	3.1165	5.1937	661.21	-0.59299	1.1145e-05	0.086125	0
127.00	0.10000	0.37862	2.6411	400.93	665.04	23.563	3.1165	5.1937	663.82	-0.59415	1.1203e-05	0.086587	0
128.00	0.10000	0.37567	2.6619	404.04	670.23	23.603	3.1165	5.1936	666.42	-0.59528	1.1260e-05	0.087048	0
129.00	0.10000	0.37276	2.6827	407.16	675.43	23.644	3.1165	5.1936	669.02	-0.59638	1.1318e-05	0.087508	0
130.00	0.10000	0.36990	2.7035	410.27	680.62	23.684	3.1165	5.1936	671.60	-0.59744	1.1376e-05	0.087966	0
131.00	0.10000	0.36708	2.7242	413.39	685.81	23.724	3.1164	5.1936	674.17	-0.59848	1.1433e-05	0.088424	0
132.00	0.10000	0.36430	2.7450	416.51	691.01	23.763	3.1164	5.1936	676.73	-0.59949	1.1490e-05	0.088880	0
133.00	0.10000	0.36156	2.7658	419.62	696.20	23.802	3.1164	5.1936	679.29	-0.60047	1.1548e-05	0.089336	0
134.00	0.10000	0.35887	2.7865	422.74	701.39	23.841	3.1164	5.1936	681.83	-0.60142	1.1605e-05	0.089791	0
135.00	0.10000	0.35621	2.8073	425.86	706.59	23.880	3.1164	5.1935	684.36	-0.60235	1.1662e-05	0.090244	0
136.00	0.10000	0.35360	2.8281	428.97	711.78	23.918	3.1164	5.1935	686.89	-0.60326	1.1718e-05	0.090697	0
137.00	0.10000	0.35102	2.8489	432.09	716.98	23.956	3.1164	5.1935	689.40	-0.60413	1.1775e-05	0.091149	0
138.00	0.10000	0.34848	2.8696	435.21	722.17	23.994	3.1164	5.1935	691.91	-0.60499	1.1832e-05	0.091599	0
139.00	0.10000	0.34597	2.8904	438.32	727.36	24.031	3.1164	5.1935	694.40	-0.60582	1.1888e-05	0.092049	0
140.00	0.10000	0.34350	2.9112	441.44	732.56	24.069	3.1164	5.1935	696.89	-0.60662	1.1944e-05	0.092498	0
141.00	0.10000	0.34107	2.9319	444.55	737.75	24.106	3.1164	5.1935	699.37	-0.60741	1.2001e-05	0.092946	0
142.00	0.10000	0.33867	2.9527	447.67	742.94	24.142	3.1164	5.1935	701.84	-0.60817	1.2057e-05	0.093393	0
143.00	0.10000	0.33631	2.9735	450.79	748.14	24.179	3.1164	5.1934	704.30	-0.60891	1.2113e-05	0.093839	0
144.00	0.10000	0.33397	2.9943	453.90	753.33	24.215	3.1164	5.1934	706.76	-0.60964	1.2169e-05	0.094284	0
145.00	0.10000	0.33167	3.0150	457.02	758.52	24.251	3.1164	5.1934	709.20	-0.61034	1.2224e-05	0.094729	0
146.00	0.10000	0.32940	3.0358	460.14	763.72	24.287	3.1164	5.1934	711.64	-0.61102	1.2280e-05	0.095172	0
147.00	0.10000	0.32716	3.0566	463.25	768.91	24.322	3.1164	5.1934	714.06	-0.61168	1.2335e-05	0.095615	0
148.00	0.10000	0.32496	3.0773	466.37	774.10	24.357	3.1163	5.1934	716.48	-0.61233	1.2391e-05	0.096056	0
149.00	0.10000	0.32278	3.0981	469.48	779.30	24.392	3.1163	5.1934	718.89	-0.61295	1.2446e-05	0.096497	0
150.00	0.10000	0.32063	3.1189	472.60	784.49	24.427	3.1163	5.1934	721.30	-0.61356	1.2501e-05	0.096937	0
151.00	0.10000	0.31851	3.1397	475.72	789.68	24.461	3.1163	5.1934	723.69	-0.61415	1.2556e-05	0.097376	0
152.00	0.10000	0.31641	3.1604	478.83	794.88	24.496	3.1163	5.1934	726.08	-0.61473	1.2611e-05	0.097815	0
153.00	0.10000	0.31435	3.1812	481.95	800.07	24.530	3.1163	5.1934	728.46	-0.61528	1.2666e-05	0.098252	0
154.00	0.10000	0.31231	3.2020	485.07	805.26	24.564	3.1163	5.1933	730.83	-0.61582	1.2721e-05	0.098689	0
155.00	0.10000	0.31029	3.2227	488.18	810.46	24.597	3.1163	5.1933	733.20	-0.61635	1.2776e-05	0.099125	0
156.00	0.10000	0.30831	3.2435	491.30	815.65	24.631	3.1163	5.1933	735.55	-0.61686	1.2830e-05	0.099560	0
157.00	0.10000	0.30635	3.2643	494.41	820.84	24.664	3.1163	5.1933	737.90	-0.61736	1.2885e-05	0.099994	0
158.00	0.10000	0.30441	3.2851	497.53	826.04	24.697	3.1163	5.1933	740.24	-0.61784	1.2939e-05	0.10043	0
159.00	0.10000	0.30250	3.3058	500.65	831.23	24.730	3.1163	5.1933	742.58	-0.61831	1.2993e-05	0.10086	0
160.00	0.10000	0.30061	3.3266	503.76	836.42	24.762	3.1163	5.1933	744.90	-0.61876	1.3047e-05	0.10129	0
161.00	0.10000	0.29874	3.3474	506.88	841.62	24.795	3.1163	5.1933	747.22	-0.61920	1.3102e-05	0.10172	0
162.00	0.10000	0.29690	3.3681	510.00	846.81	24.827	3.1163	5.1933	749.54	-0.61962	1.3155e-05	0.10215	0
163.00	0.10000	0.29508	3.3889	513.11	852.00	24.859	3.1163	5.1933	751.84	-0.62004	1.3209e-05	0.10258	0
164.00	0.10000	0.29328	3.4097	516.23	857.20	24.890	3.1163	5.1933	754.14	-0.62044	1.3263e-05	0.10301	0
165.00	0.10000	0.29151	3.4305	519.34	862.39	24.922	3.1163	5.1933	756.43	-0.62083	1.3317e-05	0.10344	0
166.00	0.10000	0.28975	3.4512	522.46	867.58	24.953	3.1163	5.1933	758.72	-0.62120	1.3370e-05	0.10387	0
167.00	0.10000	0.28802	3.4720	525.58	872.78	24.985	3.1163	5.1933	760.99	-0.62157	1.3424e-05	0.10429	0
168.00	0.10000	0.28631	3.4928	528.69	877.97	25.016	3.1163	5.1932	763.27	-0.62192	1.3477e-05	0.10472	0
169.00	0.10000	0.28461	3.5135	531.81	883.16	25.046	3.1163	5.1932	765.53	-0.62227	1.3531e-05	0.10514	0
170.00	0.10000	0.28294	3.5343	534.92	888.36	25.077	3.1163	5.1932	767.79	-0.62260	1.3584e-05	0.10557	0
171.00	0.10000	0.28129	3.5551	538.04	893.55	25.107	3.1163	5.1932	770.04	-0.62292	1.3637e-05	0.10599	0
172.00	0.10000	0.27965	3.5759	541.16	898.74	25.138	3.1162	5.1932	772.28	-0.62323	1.3690e-05	0.10641	0
173.00	0.10000	0.27804	3.5966	544.27	903.94	25.168	3.1162	5.1932	774.52	-0.62353	1.3743e-05	0.10684	0
174.00	0.10000	0.27644	3.6174	547.39	909.13	25.198	3.1162	5.1932	776.75	-0.62382	1.3796e-05	0.10726	0
175.00	0.10000	0.27486	3.6382	550.51	914.32	25.228	3.1162	5.1932	778.98	-0.62410	1.3849e-05	0.10768	0
176.00	0.10000	0.27330	3.6589	553.62	919.52	25.257	3.1162	5.1932	781.19	-0.62437	1.3901e-05	0.10810	0
177.00	0.10000	0.27176	3.6797	556.74	924.71	25.287	3.1162	5.1932	783.41	-0.62463	1.3954e-05	0.10852	0
178.00	0.10000	0.27024	3.7005	559.85	929.90	25.316	3.1162	5.1932	785.61	-0.62488	1.4007e-05	0.10894	0
179.00	0.10000	0.26873	3.7212	562.97	935.09	25.345	3.1162	5.1932	787.81	-0.62513	1.4059e-05	0.10935	0
180.00	0.10000	0.26724	3.7420	566.09	940.29	25.374	3.1162	5.1932	790.01	-0.62536	1.4111e-05	0.10977	0
181.00	0.10000	0.26576	3.7628	569.20	945.48	25.403	3.1162	5.1932	792.19	-0.62559	1.4164e-05	0.11019	0
182.00	0.10000	0.26430	3.7836	572.32	950.67	25.431	3.1162	5.1932	794.38	-0.62580	1.4216e-05	0.11060	0
183.00	0.10000	0.26286	3.8043	575.43	955.87	25.460	3.1162	5.1932	796.55	-0.62601	1.4268e-05	0.11102	0
184.00	0.10000	0.26143	3.8251	578.55	961.06	25.488	3.1162	5.1932	798.72	-0.62621	1.4320e-05	0.11143	0
185.00	0.10000	0.26002	3.8459	581.67	966.25	25.516	3.1162	5.1932	800.88	-0.62641	1.4372e-05	0.11185	0
186.00	0.10000	0.25862	3.8666	584.78	971.45	25.544	3.1162	5.1932	803.04	-0.62659	1.4424e-05	0.11226	0
187.00	0.10000	0.25724	3.8874	587.90	976.64	25.572	3.1162	5.1932	805.20	-0.62677	1.4476e-05	0.11267	0
188.00	0.10000	0.25587	3.9082	591.01	981.83	25.600	3.1162	5.1932	807.34	-0.62694	1.4527e-05	0.11309	0
189.00	0.10000	0.25452	3.9290	594.13	987.03	25.627	3.1162	5.1932	809.48	-0.62711	1.4579e-05	0.11350	0
190.00	0.10000	0.25318	3.9497	597.25	992.22	25.655	3.1162	5.1931	811.62	-0.62726	1.4631e-05	0.11391	0
191.00	0.10000	0.25186	3.9705	600.36	997.41	25.682	3.1162	5.1931	813.75	-0.62742	1.4682e-05	0.11432	0
192.00	0.10000	0.25055	3.9913	603.48	1002.6	25.709	3.1162	5.1931	815.87	-0.62756	1.4734e-05	0.11473	0
193.00	0.10000	0.24925	4.0120	606.59	1007.8	25.736	3.1162	5.1931	817.99	-0.62770	1.4785e-05	0.11514	0
194.00	0.10000	0.24797	4.0328	609.71	1013.0	25.763	3.1162	5.1931	820.10	-0.62783	1.4836e-05	0.11555	0
195.00	0.10000	0.24670	4.0536	612.83	1018.2	25.790	3.1162	5.1931	822.21	-0.62795	1.4887e-05	0.11595	0
196.00	0.10000	0.24544	4.0744	615.94	1023.4	25.816	3.1162	5.1931	824.31	-0.62807	1.4938e-05	0.11636	0
197.00	0.10000	0.24419	4.0951	619.06	1028.6	25.842	3.1162	5.1931	826.41	-0.62818	1.4990e-05	0.11677	0
198.00	0.10000	0.24296	4.1159	622.18	1033.8	25.869	3.1162	5.1931	828.50	-0.62829	1.5041e-05	0.11717	0
199.00	0.10000	0.24174	4.1367	625.29	1039.0	25.895	3.1162	5.1931	830.59	-0.62839	1.5091e-05	0.11758	0
200.00	0.10000	0.24053	4.1574	628.41	1044.2	25.921	3.1162	5.1931	832.67	-0.62848	1.5142e-05	0.11798	0
201.00	0.10000	0.23934	4.1782	631.52	1049.3	25.947	3.1162	5.1931	834.74	-0.62857	1.5193e-05	0.11839	0
202.00	0.10000	0.23815	4.1990	634.64	1054.5	25.973	3.1162	5.1931	836.82	-0.62865	1.5244e-05	0.11879	0
203.00	0.10000	0.23698	4.2198	637.76	1059.7	25.998	3.1162	5.1931	838.88	-0.62873	1.5294e-05	0.11919	0
204.00	0.10000	0.23582	4.2405	640.87	1064.9	26.024	3.1162	5.1931	840.94	-0.62880	1.5345e-05	0.11959	0
205.00	0.10000	0.23467	4.2613	643.99	1070.1	26.049	3.1162	5.1931	843.00	-0.62887	1.5395e-05	0.12000	0
206.00	0.10000	0.23353	4.2821	647.10	1075.3	26.074	3.1162	5.1931	845.05	-0.62894	1.5446e-05	0.12040	0
207.00	0.10000	0.23240	4.3028	650.22	1080.5	26.100	3.1162	5.1931	847.09	-0.62899	1.5496e-05	0.12080	0
208.00	0.10000	0.23129	4.3236	653.34	1085.7	26.125	3.1162	5.1931	849.13	-0.62905	1.5546e-05	0.12120	0
209.00	0.10000	0.23018	4.3444	656.45	1090.9	26.150	3.1161	5.1931	851.17	-0.62909	1.5597e-05	0.12160	0
210.00	0.10000	0.22909	4.3651	659.57	1096.1	26.174	3.1161	5.1931	853.20	-0.62914	1.5647e-05	0.12200	0
211.00	0.10000	0.22800	4.3859	662.68	1101.3	26.199	3.1161	5.1931	855.23	-0.62918	1.5697e-05	0.12240	0
212.00	0.10000	0.22693	4.4067	665.80	1106.5	26.224	3.1161	5.1931	857.25	-0.62921	1.5747e-05	0.12279	0
213.00	0.10000	0.22586	4.4275	668.92	1111.7	26.248	3.1161	5.1931	859.26	-0.62924	1.5797e-05	0.12319	0
214.00	0.10000	0.22481	4.4482	672.03	1116.9	26.272	3.1161	5.1931	861.28	-0.62927	1.5847e-05	0.12359	0
215.00	0.10000	0.22376	4.4690	675.15	1122.0	26.297	3.1161	5.1931	863.28	-0.62929	1.5897e-05	0.12398	0
216.00	0.10000	0.22273	4.4898	678.26	1127.2	26.321	3.1161	5.1931	865.29	-0.62931	1.5946e-05	0.12438	0
217.00	0.10000	0.22170	4.5105	681.38	1132.4	26.345	3.1161	5.1931	867.28	-0.62932	1.5996e-05	0.12477	0
218.00	0.10000	0.22069	4.5313	684.50	1137.6	26.369	3.1161	5.1931	869.28	-0.62933	1.6046e-05	0.12517	0
219.00	0.10000	0.21968	4.5521	687.61	1142.8	26.392	3.1161	5.1931	871.27	-0.62934	1.6095e-05	0.12556	0
220.00	0.10000	0.21868	4.5729	690.73	1148.0	26.416	3.1161	5.1931	873.25	-0.62934	1.6145e-05	0.12596	0
221.00	0.10000	0.21769	4.5936	693.84	1153.2	26.439	3.1161	5.1931	875.23	-0.62934	1.6194e-05	0.12635	0
222.00	0.10000	0.21671	4.6144	696.96	1158.4	26.463	3.1161	5.1931	877.20	-0.62934	1.6244e-05	0.12674	0
223.00	0.10000	0.21574	4.6352	700.08	1163.6	26.486	3.1161	5.1931	879.18	-0.62933	1.6293e-05	0.12713	0
224.00	0.10000	0.21478	4.6559	703.19	1168.8	26.510	3.1161	5.1931	881.14	-0.62932	1.6342e-05	0.12753	0
225.00	0.10000	0.21383	4.6767	706.31	1174.0	26.533	3.1161	5.1931	883.10	-0.62930	1.6391e-05	0.12792	0
226.00	0.10000	0.21288	4.6975	709.42	1179.2	26.556	3.1161	5.1931	885.06	-0.62929	1.6440e-05	0.12831	0
227.00	0.10000	0.21194	4.7183	712.54	1184.4	26.579	3.1161	5.1931	887.02	-0.62926	1.6490e-05	0.12870	0
228.00	0.10000	0.21101	4.7390	715.66	1189.6	26.601	3.1161	5.1931	888.96	-0.62924	1.6539e-05	0.12909	0
229.00	0.10000	0.21009	4.7598	718.77	1194.8	26.624	3.1161	5.1931	890.91	-0.62921	1.6588e-05	0.12948	0
230.00	0.10000	0.20918	4.7806	721.89	1199.9	26.647	3.1161	5.1931	892.85	-0.62918	1.6636e-05	0.12986	0
231.00	0.10000	0.20828	4.8013	725.00	1205.1	26.669	3.1161	5.1930	894.79	-0.62915	1.6685e-05	0.13025	0
232.00	0.10000	0.20738	4.8221	728.12	1210.3	26.692	3.1161	5.1930	896.72	-0.62911	1.6734e-05	0.13064	0
233.00	0.10000	0.20649	4.8429	731.23	1215.5	26.714	3.1161	5.1930	898.65	-0.62907	1.6783e-05	0.13103	0
234.00	0.10000	0.20561	4.8636	734.35	1220.7	26.736	3.1161	5.1930	900.57	-0.62903	1.6831e-05	0.13141	0
235.00	0.10000	0.20473	4.8844	737.47	1225.9	26.758	3.1161	5.1930	902.49	-0.62898	1.6880e-05	0.13180	0
236.00	0.10000	0.20387	4.9052	740.58	1231.1	26.781	3.1161	5.1930	904.41	-0.62893	1.6929e-05	0.13219	0
237.00	0.10000	0.20301	4.9260	743.70	1236.3	26.802	3.1161	5.1930	906.32	-0.62888	1.6977e-05	0.13257	0
238.00	0.10000	0.20215	4.9467	746.81	1241.5	26.824	3.1161	5.1930	908.22	-0.62883	1.7025e-05	0.13296	0
239.00	0.10000	0.20131	4.9675	749.93	1246.7	26.846	3.1161	5.1930	910.13	-0.62877	1.7074e-05	0.13334	0
240.00	0.10000	0.20047	4.9883	753.05	1251.9	26.868	3.1161	5.1930	912.03	-0.62871	1.7122e-05	0.13372	0
241.00	0.10000	0.19964	5.0090	756.16	1257.1	26.889	3.1161	5.1930	913.92	-0.62865	1.7170e-05	0.13411	0
242.00	0.10000	0.19881	5.0298	759.28	1262.3	26.911	3.1161	5.1930	915.82	-0.62859	1.7219e-05	0.13449	0
243.00	0.10000	0.19800	5.0506	762.39	1267.5	26.932	3.1161	5.1930	917.70	-0.62852	1.7267e-05	0.13487	0
244.00	0.10000	0.19719	5.0714	765.51	1272.6	26.954	3.1161	5.1930	919.59	-0.62846	1.7315e-05	0.13525	0
245.00	0.10000	0.19638	5.0921	768.63	1277.8	26.975	3.1161	5.1930	921.47	-0.62838	1.7363e-05	0.13564	0
246.00	0.10000	0.19558	5.1129	771.74	1283.0	26.996	3.1161	5.1930	923.34	-0.62831	1.7411e-05	0.13602	0
247.00	0.10000	0.19479	5.1337	774.86	1288.2	27.017	3.1161	5.1930	925.22	-0.62824	1.7459e-05	0.13640	0
248.00	0.10000	0.19401	5.1544	777.97	1293.4	27.038	3.1161	5.1930	927.09	-0.62816	1.7507e-05	0.13678	0
249.00	0.10000	0.19323	5.1752	781.09	1298.6	27.059	3.1161	5.1930	928.95	-0.62808	1.7555e-05	0.13716	0
250.00	0.10000	0.19246	5.1960	784.21	1303.8	27.080	3.1161	5.1930	930.81	-0.62800	1.7602e-05	0.13754	0
251.00	0.10000	0.19169	5.2168	787.32	1309.0	27.101	3.1161	5.1930	932.67	-0.62792	1.7650e-05	0.13791	0
252.00	0.10000	0.19093	5.2375	790.44	1314.2	27.121	3.1161	5.1930	934.52	-0.62783	1.7698e-05	0.13829	0
253.00	0.10000	0.19018	5.2583	793.55	1319.4	27.142	3.1161	5.1930	936.37	-0.62774	1.7745e-05	0.13867	0
254.00	0.10000	0.18943	5.2791	796.67	1324.6	27.162	3.1161	5.1930	938.22	-0.62765	1.7793e-05	0.13905	0
255.00	0.10000	0.18869	5.2998	799.79	1329.8	27.183	3.1161	5.1930	940.06	-0.62756	1.7841e-05	0.13942	0
256.00	0.10000	0.18795	5.3206	802.90	1335.0	27.203	3.1161	5.1930	941.90	-0.62747	1.7888e-05	0.13980	0
257.00	0.10000	0.18722	5.3414	806.02	1340.2	27.223	3.1161	5.1930	943.74	-0.62738	1.7935e-05	0.14018	0
258.00	0.10000	0.18649	5.3621	809.13	1345.3	27.243	3.1161	5.1930	945.57	-0.62728	1.7983e-05	0.14055	0
259.00	0.10000	0.18577	5.3829	812.25	1350.5	27.263	3.1161	5.1930	947.40	-0.62718	1.8030e-05	0.14093	0
260.00	0.10000	0.18506	5.4037	815.37	1355.7	27.283	3.1161	5.1930	949.22	-0.62708	1.8077e-05	0.14130	0
261.00	0.10000	0.18435	5.4245	818.48	1360.9	27.303	3.1161	5.1930	951.04	-0.62698	1.8125e-05	0.14168	0
262.00	0.10000	0.18365	5.4452	821.60	1366.1	27.323	3.1161	5.1930	952.86	-0.62688	1.8172e-05	0.14205	0
263.00	0.10000	0.18295	5.4660	824.71	1371.3	27.343	3.1161	5.1930	954.68	-0.62677	1.8219e-05	0.14243	0
264.00	0.10000	0.18226	5.4868	827.83	1376.5	27.363	3.1161	5.1930	956.49	-0.62667	1.8266e-05	0.14280	0
265.00	0.10000	0.18157	5.5075	830.94	1381.7	27.382	3.1161	5.1930	958.30	-0.62656	1.8313e-05	0.14317	0
266.00	0.10000	0.18089	5.5283	834.06	1386.9	27.402	3.1161	5.1930	960.10	-0.62645	1.8360e-05	0.14354	0
267.00	0.10000	0.18021	5.5491	837.18	1392.1	27.421	3.1161	5.1930	961.90	-0.62634	1.8407e-05	0.14392	0
268.00	0.10000	0.17954	5.5699	840.29	1397.3	27.441	3.1161	5.1930	963.70	-0.62623	1.8454e-05	0.14429	0
269.00	0.10000	0.17887	5.5906	843.41	1402.5	27.460	3.1161	5.1930	965.49	-0.62611	1.8501e-05	0.14466	0
270.00	0.10000	0.17821	5.6114	846.52	1407.7	27.479	3.1161	5.1930	967.28	-0.62600	1.8547e-05	0.14503	0
271.00	0.10000	0.17755	5.6322	849.64	1412.9	27.499	3.1161	5.1930	969.07	-0.62588	1.8594e-05	0.14540	0
272.00	0.10000	0.17690	5.6529	852.76	1418.1	27.518	3.1160	5.1930	970.86	-0.62576	1.8641e-05	0.14577	0
273.00	0.10000	0.17625	5.6737	855.87	1423.2	27.537	3.1160	5.1930	972.64	-0.62564	1.8687e-05	0.14614	0
274.00	0.10000	0.17561	5.6945	858.99	1428.4	27.556	3.1160	5.1930	974.42	-0.62552	1.8734e-05	0.14651	0
275.00	0.10000	0.17497	5.7153	862.10	1433.6	27.575	3.1160	5.1930	976.19	-0.62540	1.8781e-05	0.14688	0
276.00	0.10000	0.17434	5.7360	865.22	1438.8	27.594	3.1160	5.1930	977.96	-0.62528	1.8827e-05	0.14725	0
277.00	0.10000	0.17371	5.7568	868.34	1444.0	27.612	3.1160	5.1930	979.73	-0.62515	1.8874e-05	0.14761	0
278.00	0.10000	0.17308	5.7776	871.45	1449.2	27.631	3.1160	5.1930	981.50	-0.62503	1.8920e-05	0.14798	0
279.00	0.10000	0.17246	5.7983	874.57	1454.4	27.650	3.1160	5.1930	983.26	-0.62490	1.8966e-05	0.14835	0
280.00	0.10000	0.17185	5.8191	877.68	1459.6	27.668	3.1160	5.1930	985.02	-0.62477	1.9013e-05	0.14871	0
281.00	0.10000	0.17124	5.8399	880.80	1464.8	27.687	3.1160	5.1930	986.77	-0.62465	1.9059e-05	0.14908	0
282.00	0.10000	0.17063	5.8606	883.92	1470.0	27.705	3.1160	5.1930	988.52	-0.62452	1.9105e-05	0.14945	0
283.00	0.10000	0.17003	5.8814	887.03	1475.2	27.724	3.1160	5.1930	990.27	-0.62439	1.9151e-05	0.14981	0
284.00	0.10000	0.16943	5.9022	890.15	1480.4	27.742	3.1160	5.1930	992.02	-0.62425	1.9197e-05	0.15018	0
285.00	0.10000	0.16883	5.9230	893.26	1485.6	27.760	3.1160	5.1930	993.76	-0.62412	1.9244e-05	0.15054	0
286.00	0.10000	0.16824	5.9437	896.38	1490.8	27.778	3.1160	5.1930	995.50	-0.62399	1.9290e-05	0.15091	0
287.00	0.10000	0.16766	5.9645	899.50	1495.9	27.797	3.1160	5.1930	997.24	-0.62385	1.9336e-05	0.15127	0
288.00	0.10000	0.16708	5.9853	902.61	1501.1	27.815	3.1160	5.1930	998.97	-0.62372	1.9382e-05	0.15164	0
289.00	0.10000	0.16650	6.0060	905.73	1506.3	27.833	3.1160	5.1930	1000.7	-0.62358	1.9427e-05	0.15200	0
290.00	0.10000	0.16593	6.0268	908.84	1511.5	27.851	3.1160	5.1930	1002.4	-0.62344	1.9473e-05	0.15236	0
291.00	0.10000	0.16536	6.0476	911.96	1516.7	27.868	3.1160	5.1930	1004.2	-0.62330	1.9519e-05	0.15273	0
292.00	0.10000	0.16479	6.0684	915.07	1521.9	27.886	3.1160	5.1930	1005.9	-0.62316	1.9565e-05	0.15309	0
293.00	0.10000	0.16423	6.0891	918.19	1527.1	27.904	3.1160	5.1930	1007.6	-0.62302	1.9611e-05	0.15345	0
294.00	0.10000	0.16367	6.1099	921.31	1532.3	27.922	3.1160	5.1930	1009.3	-0.62288	1.9656e-05	0.15381	0
295.00	0.10000	0.16311	6.1307	924.42	1537.5	27.939	3.1160	5.1930	1011.0	-0.62274	1.9702e-05	0.15417	0
296.00	0.10000	0.16256	6.1514	927.54	1542.7	27.957	3.1160	5.1930	1012.7	-0.62260	1.9748e-05	0.15453	0
297.00	0.10000	0.16202	6.1722	930.65	1547.9	27.974	3.1160	5.1930	1014.4	-0.62245	1.9793e-05	0.15489	0
298.00	0.10000	0.16147	6.1930	933.77	1553.1	27.992	3.1160	5.1930	1016.2	-0.62231	1.9839e-05	0.15525	0
299.00	0.10000	0.16093	6.2138	936.89	1558.3	28.009	3.1160	5.1930	1017.9	-0.62216	1.9884e-05	0.15561	0
300.00	0.10000	0.16040	6.2345	940.00	1563.5	28.027	3.1160	5.1930	1019.6	-0.62201	1.9930e-05	0.15597	0
301.00	0.10000	0.15986	6.2553	943.12	1568.6	28.044	3.1160	5.1930	1021.2	-0.62187	1.9975e-05	0.15633	0
302.00	0.10000	0.15934	6.2761	946.23	1573.8	28.061	3.1160	5.1930	1022.9	-0.62172	2.0020e-05	0.15669	0
303.00	0.10000	0.15881	6.2968	949.35	1579.0	28.078	3.1160	5.1930	1024.6	-0.62157	2.0066e-05	0.15705	0
304.00	0.10000	0.15829	6.3176	952.47	1584.2	28.095	3.1160	5.1930	1026.3	-0.62142	2.0111e-05	0.15741	0
305.00	0.10000	0.15777	6.3384	955.58	1589.4	28.112	3.1160	5.1930	1028.0	-0.62127	2.0156e-05	0.15777	0
306.00	0.10000	0.15725	6.3592	958.70	1594.6	28.129	3.1160	5.1930	1029.7	-0.62112	2.0202e-05	0.15812	0
307.00	0.10000	0.15674	6.3799	961.81	1599.8	28.146	3.1160	5.1930	1031.4	-0.62097	2.0247e-05	0.15848	0
308.00	0.10000	0.15623	6.4007	964.93	1605.0	28.163	3.1160	5.1930	1033.0	-0.62082	2.0292e-05	0.15884	0
309.00	0.10000	0.15573	6.4215	968.04	1610.2	28.180	3.1160	5.1930	1034.7	-0.62067	2.0337e-05	0.15919	0
310.00	0.10000	0.15523	6.4422	971.16	1615.4	28.197	3.1160	5.1930	1036.4	-0.62052	2.0382e-05	0.15955	0
311.00	0.10000	0.15473	6.4630	974.28	1620.6	28.214	3.1160	5.1930	1038.1	-0.62036	2.0427e-05	0.15990	0
312.00	0.10000	0.15423	6.4838	977.39	1625.8	28.230	3.1160	5.1930	1039.7	-0.62021	2.0472e-05	0.16026	0
313.00	0.10000	0.15374	6.5046	980.51	1631.0	28.247	3.1160	5.1930	1041.4	-0.62005	2.0517e-05	0.16062	0
314.00	0.10000	0.15325	6.5253	983.62	1636.2	28.263	3.1160	5.1930	1043.0	-0.61990	2.0562e-05	0.16097	0
315.00	0.10000	0.15276	6.5461	986.74	1641.3	28.280	3.1160	5.1930	1044.7	-0.61974	2.0607e-05	0.16132	0
316.00	0.10000	0.15228	6.5669	989.86	1646.5	28.296	3.1160	5.1930	1046.4	-0.61959	2.0652e-05	0.16168	0
317.00	0.10000	0.15180	6.5876	992.97	1651.7	28.313	3.1160	5.1930	1048.0	-0.61943	2.0696e-05	0.16203	0
318.00	0.10000	0.15132	6.6084	996.09	1656.9	28.329	3.1160	5.1930	1049.7	-0.61927	2.0741e-05	0.16239	0
319.00	0.10000	0.15085	6.6292	999.20	1662.1	28.345	3.1160	5.1930	1051.3	-0.61911	2.0786e-05	0.16274	0
320.00	0.10000	0.15038	6.6499	1002.3	1667.3	28.362	3.1160	5.1930	1053.0	-0.61896	2.0831e-05	0.16309	0
321.00	0.10000	0.14991	6.6707	1005.4	1672.5	28.378	3.1160	5.1930	1054.6	-0.61880	2.0875e-05	0.16344	0
322.00	0.10000	0.14944	6.6915	1008.6	1677.7	28.394	3.1160	5.1930	1056.2	-0.61864	2.0920e-05	0.16380	0
323.00	0.10000	0.14898	6.7123	1011.7	1682.9	28.410	3.1160	5.1930	1057.9	-0.61848	2.0964e-05	0.16415	0
324.00	0.10000	0.14852	6.7330	1014.8	1688.1	28.426	3.1160	5.1930	1059.5	-0.61832	2.1009e-05	0.16450	0
325.00	0.10000	0.14806	6.7538	1017.9	1693.3	28.442	3.1160	5.1930	1061.1	-0.61816	2.1053e-05	0.16485	0
326.00	0.10000	0.14761	6.7746	1021.0	1698.5	28.458	3.1160	5.1930	1062.8	-0.61800	2.1098e-05	0.16520	0
327.00	0.10000	0.14716	6.7953	1024.1	1703.7	28.474	3.1160	5.1930	1064.4	-0.61784	2.1142e-05	0.16555	0
328.00	0.10000	0.14671	6.8161	1027.2	1708.9	28.490	3.1160	5.1930	1066.0	-0.61767	2.1187e-05	0.16590	0
329.00	0.10000	0.14627	6.8369	1030.4	1714.1	28.506	3.1160	5.1930	1067.6	-0.61751	2.1231e-05	0.16625	0
330.00	0.10000	0.14582	6.8577	1033.5	1719.2	28.522	3.1160	5.1930	1069.3	-0.61735	2.1275e-05	0.16660	0
331.00	0.10000	0.14538	6.8784	1036.6	1724.4	28.537	3.1160	5.1930	1070.9	-0.61719	2.1320e-05	0.16695	0
332.00	0.10000	0.14494	6.8992	1039.7	1729.6	28.553	3.1160	5.1930	1072.5	-0.61702	2.1364e-05	0.16730	0
333.00	0.10000	0.14451	6.9200	1042.8	1734.8	28.569	3.1160	5.1930	1074.1	-0.61686	2.1408e-05	0.16765	0
334.00	0.10000	0.14408	6.9407	1045.9	1740.0	28.584	3.1160	5.1930	1075.7	-0.61669	2.1452e-05	0.16800	0
335.00	0.10000	0.14365	6.9615	1049.1	1745.2	28.600	3.1160	5.1930	1077.3	-0.61653	2.1496e-05	0.16835	0
336.00	0.10000	0.14322	6.9823	1052.2	1750.4	28.615	3.1160	5.1930	1078.9	-0.61637	2.1540e-05	0.16869	0
337.00	0.10000	0.14279	7.0031	1055.3	1755.6	28.631	3.1160	5.1930	1080.5	-0.61620	2.1584e-05	0.16904	0
338.00	0.10000	0.14237	7.0238	1058.4	1760.8	28.646	3.1160	5.1930	1082.1	-0.61604	2.1628e-05	0.16939	0
339.00	0.10000	0.14195	7.0446	1061.5	1766.0	28.661	3.1160	5.1930	1083.7	-0.61587	2.1672e-05	0.16973	0
340.00	0.10000	0.14154	7.0654	1064.6	1771.2	28.677	3.1160	5.1930	1085.3	-0.61570	2.1716e-05	0.17008	0
341.00	0.10000	0.14112	7.0861	1067.8	1776.4	28.692	3.1160	5.1930	1086.9	-0.61554	2.1760e-05	0.17043	0
342.00	0.10000	0.14071	7.1069	1070.9	1781.6	28.707	3.1160	5.1930	1088.5	-0.61537	2.1804e-05	0.17077	0
343.00	0.10000	0.14030	7.1277	1074.0	1786.8	28.722	3.1160	5.1930	1090.1	-0.61521	2.1848e-05	0.17112	0
344.00	0.10000	0.13989	7.1485	1077.1	1791.9	28.737	3.1160	5.1930	1091.7	-0.61504	2.1892e-05	0.17146	0
345.00	0.10000	0.13949	7.1692	1080.2	1797.1	28.752	3.1160	5.1930	1093.3	-0.61487	2.1935e-05	0.17181	0
346.00	0.10000	0.13908	7.1900	1083.3	1802.3	28.767	3.1160	5.1930	1094.9	-0.61470	2.1979e-05	0.17215	0
347.00	0.10000	0.13868	7.2108	1086.4	1807.5	28.782	3.1160	5.1930	1096.4	-0.61454	2.2023e-05	0.17250	0
348.00	0.10000	0.13828	7.2315	1089.6	1812.7	28.797	3.1160	5.1930	1098.0	-0.61437	2.2066e-05	0.17284	0
349.00	0.10000	0.13789	7.2523	1092.7	1817.9	28.812	3.1160	5.1930	1099.6	-0.61420	2.2110e-05	0.17319	0
350.00	0.10000	0.13749	7.2731	1095.8	1823.1	28.827	3.1160	5.1930	1101.2	-0.61403	2.2154e-05	0.17353	0
